2.174494637075793335e+01 2.398649144992656090e+01 5.100997445707998423e+01 8.639426885749169571e+01
2.699599614841230633e+01 7.224081550078122405e+01 7.048762439371974153e+01 5.307789164475889976e+01
2.518727580537232313e+01 2.194495203767840152e+01 6.193313876917731875e+01 6.860147290102163709e+01
4.517780102693974342e+00 3.284045955206148193e+01 1.372864512000124826e+01 5.565506505758468592e+01
1.555922313449497452e+01 7.994502996140771245e+01 4.481406099533806753e+01 4.024941283261307490e+01
2.928854630096630629e+01 5.340340124504147212e+01 7.174464432174629280e+01 6.815028263244641948e+01
1.064386046924381013e+01 5.320576312483050430e+01 2.728955994003711183e+01 7.129185297632804463e+01
1.265500146245147306e+01 4.514118049133889343e+01 3.020694860203461118e+01 9.188001695534448743e+01
3.862089022330304289e+01 9.083618847827602849e+01 8.989262178599686592e+01 8.207059412532834131e+01
8.459270723142834569e+00 2.470773064503795080e+00 6.076441020671769166e+01 4.743201551403952720e+00
3.667776886184608287e+01 1.488347399021685646e+01 8.509982891429287122e+01 8.372007576410778995e+01
4.854203220866500246e+00 5.598639684071704892e+01 1.398016163855126948e+01 6.585843640547905409e+01
1.371883066339159996e+01 2.423949406285570518e+01 3.925876664594978394e+01 4.248636309080659856e+01
2.603343441579207251e+01 8.323356253457265552e+01 7.249547803005965818e+01 4.163670702737365303e+01
1.412532573619619214e+01 1.493568446193746979e+01 3.880745906965034919e+01 4.928060282531501457e+01
2.820384913850700670e+01 9.049718592033704567e+01 6.959347477042091157e+01 6.644328705315632533e+01
1.324033054132157439e+00 4.514288552375172969e+01 5.285456101768215120e+00 8.120369403220826143e+01
2.455563040844113942e+01 1.816295943614639796e+01 6.616988253537337528e+01 4.756628402397491584e+01
1.133728596312372794e+01 1.669413358070987030e+01 5.069934318891267111e+01 1.139781033338889138e+01
2.736465104692809547e+01 6.683286117291360995e+01 8.102631607864896068e+01 3.313769441687247763e+01
2.848710805880868691e+01 6.074336691269389021e+00 7.270577875795291334e+01 5.772417025257570344e+01
2.233284581967287252e+01 9.294416432141139239e+01 5.099300247878223757e+01 9.709555746013975863e+01
1.821917535447526504e+01 3.934029742476506897e+01 4.248215007798826548e+01 9.220911652768283773e+01
4.031462271203591996e+01 4.988338503462132678e+01 9.075305727560181879e+01 9.486189897555127004e+01
2.247914348223463676e+01 2.067670533283450141e+01 7.785131167780843953e+01 2.040736128823622408e+01
2.258867387962090589e+01 9.743491904229534839e+01 6.038848520338010673e+01 4.970742215369259043e+01
6.679655388385921100e-01 4.114134129378633986e+01 6.418748552703112509e+00 1.344468191753843733e+01
1.328620697179943200e+01 1.398094538586347468e+00 3.476361058930533687e+01 6.091802518282952406e+01
3.518600927306859916e+00 5.334195048094514391e+01 1.119419374739023532e+01 5.663106733134145543e+01
2.255650053050509385e+01 3.381665442678985301e+01 5.701571971547163287e+01 6.227623956681358663e+01
4.067558972365434755e+01 5.174013647203926780e+01 9.099148850709143233e+01 9.753034207841021441e+01
2.675739224329520027e+01 8.539611405656685861e+01 8.901268332579685705e+01 2.260935415841549556e+01
1.838350228737538394e+00 7.456920320682580439e+01 7.748749409586752179e+00 3.897726291524472231e+01
1.985529126138682798e+01 1.956314439427369223e+01 4.979833368685741846e+01 6.588755780205696055e+01
2.413265242835885971e+01 4.911206089127833252e+01 6.611595413561711609e+01 4.475929850241744390e+01
9.636383410267288951e+00 5.630782978383297888e+00 3.358672010691506671e+01 2.373241765793716596e+01
2.296855246702466857e+01 8.861447695433814431e+01 8.693939917779120208e+01 1.575135508295305620e+01
1.967021852610216825e+01 9.594496601862225305e+01 4.512234246692221973e+01 9.760489328852024471e+01
1.191197066628009438e+01 6.158701790621843486e+01 3.715716525940836590e+01 3.229657460931850466e+01
1.875213967267909609e+01 1.819776088683044968e+00 4.995759891072844994e+01 5.213209712947706009e+01
1.853697845044551329e+01 6.350565427558812814e+01 5.017365242537883319e+01 4.910064069340911175e+01
1.076355002022644314e+01 2.295954407024980437e+00 3.507458550881007397e+01 2.861317144475211549e+01
1.812610585999299673e+01 8.723227261103487251e+01 4.889931863811747093e+01 4.996504153267554926e+01
2.597022792573471506e+01 9.986372638777840649e+00 6.856069818368744961e+01 5.109945414516162998e+01
1.187947798631462248e+01 5.463289019780010847e+01 5.659830302328280283e+01 9.733702740550620902e+00
2.274112997334711750e+01 4.024305144762902131e+01 5.528962339838307116e+01 7.325581428371739889e+01
7.611653939206856734e+00 8.741713366276071895e+01 1.901000864071039587e+01 9.276441783617048031e+01
2.461008391808286788e+01 2.084309569875444268e+01 5.580083518703894185e+01 9.845032238487426923e+01
2.438549604633890411e+01 1.216854233757555015e+01 7.526180663625812883e+01 2.916468715607466322e+01
1.536731761700666965e+01 9.636334704341233248e+01 6.494005224112882502e+01 1.243323758447364469e+01
-1.765094453421136578e+00 9.412116374988356426e+01 6.005657339844116649e+00 2.797221390741344571e-01
3.385945337188239534e+01 2.794614145333855859e+01 9.868938412177367070e+01 3.420047141330840645e+01
2.882916721066815313e+01 9.150588546522564926e+00 9.668081631876678728e+01 2.187455965109630540e+01
3.105526382213286141e+00 5.501015128330610793e+00 4.333738824664117573e+01 2.578842146591608930e+00
3.217863212420088104e+01 9.834176285109606397e+01 8.227291062075565264e+01 5.641600689876232622e+01
1.026699126340823298e+01 9.420918438934523920e+01 2.547821023104590665e+01 8.327985851254118188e+01
2.667784981249023701e+01 1.812635976382013325e+01 6.645483023747141260e+01 6.438699502561847510e+01
8.458753334507735033e+00 4.720111110942837307e-01 2.425807686147702924e+01 4.936383841349010027e+01
3.089479445877764263e+01 1.160732023469137530e+01 7.457051187361442146e+01 7.203357249409322094e+01
2.898231224721726207e+01 3.677678094652541319e+01 7.059673826515101780e+01 6.989419850824602065e+01
2.672401041982771730e+01 9.805825617008979123e+01 6.331286151831781694e+01 7.974952284594323260e+01
1.848834781089594159e+01 4.403435974021552113e+01 5.628485937227763714e+01 3.189500484844354133e+01
1.527456037743360540e+01 9.390077552391636573e+01 6.264946193104103145e+01 1.343304213026835825e+01
6.986972659006784880e+00 4.587971833380960618e+01 1.833756752812999480e+01 7.790768548760733836e+01
5.792523646488789701e+00 1.820681269543074166e+01 4.310436813607080353e+01 4.834761773987472644e+00
9.662983182826165418e+00 6.594097314025034962e+01 3.423548632857085039e+01 2.252440964473223417e+01
3.610523517646980984e+00 2.085815965159187879e+00 4.438781140732440633e+01 2.825516944281281084e+00
2.598682420731728726e+00 1.193424536256306823e+01 8.692543379690597760e+00 6.280061511247262729e+01
5.768602652695757449e+00 1.994121659552332559e+01 1.715209126216575797e+01 5.173972622422616041e+01
1.101851985506710374e+00 1.101879243581622703e+01 5.028141340500836165e+00 6.537277554568039761e+01
1.967635252168760474e+01 4.321079511520482441e+01 5.339900165996245107e+01 4.804069756280369319e+01
8.701436787487335067e+00 1.560628591079730221e+01 2.197032599762816929e+01 8.273973607320995427e+01
1.181018556739568126e-01 1.040857366999103917e+00 2.592835960053918587e+00 6.491177002632331039e+01
9.846541350376067925e+00 6.949699933898814663e+01 2.816919388569183269e+01 4.701645288709512727e+01
7.753121544950730026e+00 7.443643445186831187e+00 5.806933696687261914e+01 4.514781966264513891e+00
2.435212130437585998e+01 4.144298307957252803e+01 7.762271198668955208e+01 2.620813941258810331e+01
2.130601132270325238e+01 5.764256780728599239e+01 7.162388635896704159e+01 2.251824219078252298e+01
3.637122447719337792e+00 6.680891403836326958e+01 1.027672989076667776e+01 9.112706653029987081e+01
1.180210018808219985e+01 3.387940577169337075e+01 2.863841930484016984e+01 8.737889439253277146e+01
2.063357257594347161e+01 1.578355731945255691e+01 8.134722747715933622e+01 1.428787355559643046e+01
2.494602086878335001e+01 7.945749204055186254e+00 5.810829889277816562e+01 8.693098366155506085e+01
3.346865382237344733e+01 7.123574797855644647e+01 9.705787548864351777e+01 3.486036591949051910e+01
3.968865176037350295e+01 6.399374392055218408e+01 9.841188702454813608e+01 6.245998563401391834e+01
3.215082967620884524e+00 7.012695991660362438e+01 1.016312603766791334e+01 6.327103390213197542e+01
2.411247954824200068e+00 8.291908748304719268e+01 6.053359863482173608e+01 1.756862734680164628e+00
2.595742657006371346e+01 6.486416368962485990e+01 7.501241251451540393e+01 3.636943702831434422e+01
3.353816391110166251e+01 9.434303603175230535e+00 7.763000192125051058e+01 8.554770772157502279e+01
2.049762122841336076e+00 1.560788132265420458e+01 6.781107852149292903e+00 8.978692275891630459e+01
2.582306410993537682e+01 6.062610062397629918e+01 6.843837923636793619e+01 5.036525140357978358e+01
4.293855929507390812e+01 6.430472001523659742e+01 9.595169065331867841e+01 9.744008094512304297e+01
1.009388722063179866e+00 1.930253747778365447e+00 7.066919908103342252e+00 1.717358953171525116e+01
3.541498803867519918e+00 7.927155424368304182e+01 1.873691220130925217e+01 1.128895217170043885e+01
3.748790516712324106e+00 9.289266383661045268e+01 1.351491249131795414e+01 3.357363964091450725e+01
1.231531937272888122e+01 3.632491918214704185e+01 3.182633510936451060e+01 6.561094925945228340e+01
3.702121128424104768e+01 2.509852087835390222e+01 8.802183014582809051e+01 7.515259515469691110e+01
1.588277216893915522e+01 7.143744331318134755e+01 3.996802888921814656e+01 6.831089337338623579e+01
4.207580990161225287e+01 6.560069152156373207e+01 9.778831408004253944e+01 8.185962459343151920e+01
2.315983858381255089e+01 6.588512995306000164e+01 7.086048257517974491e+01 3.024993206733004314e+01
2.630441810740034114e+01 5.995095629379218138e+01 6.230406945817161812e+01 8.003350628366062836e+01
3.211106298786651791e+01 1.690041816403395813e+01 8.258931211770155301e+01 5.509847399675980029e+01
3.004910158780666052e+01 1.455433698230589279e+01 7.653466276126231094e+01 5.779301326779897607e+01
7.322981791597701573e+00 8.089257537285595845e+01 2.622004914967830302e+01 2.390963550833448181e+01
2.610748579932502267e+01 5.704741986293648814e+00 6.749412709719344150e+01 5.549390871593890040e+01
3.751782882248940609e+01 4.300534365512434221e+01 8.858264028196536799e+01 7.734196620038473213e+01
1.378800261443988440e+01 6.436014054690613762e+01 3.330309966307352454e+01 8.481125836136651230e+01
4.189189380535792395e+01 8.056497099218449875e+01 9.729543257153285651e+01 8.213941761656266749e+01
4.086420810928901659e+01 9.977963097467804232e+01 9.262173516685729169e+01 9.182750574810005162e+01
2.880640147253134842e+01 9.715458405907007489e+01 8.144047434299729105e+01 3.885746775133841169e+01
2.101092971635981499e+01 6.308778965186934329e+01 8.810311076201470826e+01 1.216198015401031007e+01
2.267227166543203154e+01 7.685464073778194916e+01 6.613852435883906367e+01 3.584469646684262756e+01
1.372642353852270425e+01 1.334905332916690490e+01 4.432479042932485669e+01 2.772653467518054882e+01
3.143796424812023105e+01 8.029477648845151805e+01 7.209105058231905616e+01 8.997957306139261391e+01
6.651229034367481141e+00 5.740423330791163181e+01 3.597031023700368024e+01 8.390462528295305589e+00
4.685295547274344941e+00 5.745422606519512421e+00 1.568392897079237081e+01 3.752164395173267764e+01
2.545052247788775190e+01 2.362765024926082447e+01 6.040419919778747726e+01 7.975194574727439090e+01
2.750234986080668165e+01 9.292517000359335100e+01 7.318392939660158447e+01 4.913731281973123544e+01
2.243492434613238018e+01 4.819009640080032852e+01 9.582698876346815098e+01 1.153683910006363433e+01
3.758895268660277367e+01 6.681199533760091924e+01 9.425099329977260254e+01 5.999585268471047073e+01
4.984494429152693584e+00 8.916634227853965911e+01 1.628659181934670741e+01 3.942860494692352802e+01
3.400719057759504693e+01 3.402255758122342399e+01 7.806005966025347220e+01 8.864575944040599609e+01
1.657021658537154707e+01 7.679265231313301854e+01 4.445335940491919047e+01 5.206567549372187642e+01
1.077184315539644643e+01 1.677456070127669818e+01 3.582648955756845055e+01 2.673017514147060325e+01
1.564280201768822920e+01 7.212293724312411314e+01 4.638591520393626411e+01 3.615806032274597470e+01
3.396180552495814453e+01 3.824262270204847880e+00 9.399290902742851017e+01 4.124878287219107875e+01
1.205783019917011956e+01 5.125067170308200559e+01 4.929810165709243819e+01 1.413634431167591998e+01
2.053220189887036895e+01 3.285095651939050754e+01 4.752883522356846413e+01 9.279056435864538344e+01
4.047278614127917251e+01 8.189142308126608327e+01 9.713515446339289383e+01 7.149274263429757070e+01
7.391679089460971852e+00 9.764002130384795919e+00 2.067510716100368029e+01 5.790664878571271146e+01
1.693288810135205935e+00 1.640175000194166088e+01 6.984090210789972275e+00 4.729100892219093311e+01
1.703445011621996485e+01 4.272942834180231131e+01 5.207222477213505840e+01 3.192384112748505487e+01
1.199392775967904612e+01 6.072970765878930877e+01 4.372489172500636556e+01 1.952598467737715993e+01
5.106254676130729919e+00 1.228258612903144709e+01 1.350863202593736112e+01 9.185959910530591799e+01
2.473786303193254454e+01 6.588940350512531552e+01 6.379408858233404089e+01 5.651587833014918516e+01
2.962414592790997858e+01 1.011293690336355588e+01 7.992398622088205684e+01 4.613901834652016731e+01
3.532316595273975679e+01 1.610096487900099049e+01 8.390454605178204872e+01 7.587640986389845921e+01
1.484690681777687260e+01 8.741347591026584496e+01 4.414994918187533557e+01 3.621007876515237456e+01
4.112364023133556401e+01 8.038975580093621787e+00 9.724516558406334354e+01 7.607312502979095825e+01
2.223590872496258086e+01 6.135405943950720342e+01 6.060028774947572572e+01 4.626057858366863229e+01
3.978291066385224184e+01 7.549275440738891518e+01 8.938523405740586725e+01 9.583236067939611758e+01
7.701430908370199280e-01 7.154114103757061116e+01 2.014926374262814335e+01 2.407322233659991984e+00
2.550678180983368293e+00 4.474206912563160898e+01 9.088877270089923854e+00 4.973053494171709588e+01
1.090147260196323487e+01 9.997785739133790983e+00 4.223356919427468625e+01 1.674353983890652842e+01
2.538573044612879581e+00 3.838035280210603162e+01 8.133689090987150649e+00 7.751831790770636132e+01
1.400312343562742257e+01 3.351614225151493542e+01 5.362608333024432028e+01 1.640733902818575274e+01
2.144676482673522955e+01 2.743435397757128058e+01 9.445906997645775505e+01 1.076551831546422910e+01
7.846556099290513231e+00 9.357784273161065869e+01 3.014495846973020932e+01 1.881532784246295975e+01
2.212755138737869132e+01 9.905436681587731940e+00 5.921485176519036742e+01 4.968490363296561441e+01
1.070840266379256445e+00 3.206183323817647590e+01 6.377282690839480850e+00 2.571859026662354353e+01
3.320915357416453872e+01 8.537774531890988783e+01 7.616824265450040343e+01 8.923399036934172557e+01
2.407261548262278783e+00 9.439614031525190185e+00 8.480587433598929081e+00 5.557418473176780793e+01
1.010157931236230944e+01 4.988445156407957626e+01 2.449360457985706319e+01 9.298516825006583986e+01
3.087398369079219407e+01 2.885321081648050168e+01 8.216941948149776920e+01 4.837855788965229920e+01
1.661496996575147023e+01 8.214875336559597940e+01 4.236907181016194102e+01 6.391197165770240218e+01
3.976736894868685823e+01 9.837227842239730080e+01 8.889810851960115201e+01 9.808685465365859102e+01
4.502014769192314247e+00 4.790346686227366746e+01 1.519123449636523659e+01 3.740615229974729772e+01
1.793179631917449868e+01 7.263973581229778631e+01 4.287703620257846637e+01 8.271240770082745541e+01
3.328062288351018339e+01 1.084551149030921202e+01 8.442314303188170754e+01 5.800746681491245482e+01
1.058394946396406233e+01 9.653759976875453219e+01 3.267616956834910269e+01 3.464230759551880823e+01
3.371477710086919544e+00 1.248931727283764204e+01 1.021104150695593127e+01 7.232198308917901386e+01
3.930772435476944082e+01 8.795840066398196200e+01 8.842806841999892242e+01 9.541635574258606312e+01
2.995537280742327724e+01 1.840954638573060009e+01 7.279091917298904946e+01 7.029088344184137327e+01
2.161856453480318052e+01 2.179689963350972537e+00 5.938760123490277465e+01 4.508881162658978781e+01
7.137171063723775077e-01 4.383146150047137013e+01 5.599295454885188761e+00 2.133997335726458644e+01
1.969605945803824554e+01 1.190067415951936525e+01 4.998354197277703292e+01 6.283893123124330060e+01
4.104848068033729369e+00 5.951250174472808396e+01 1.281573893886544013e+01 5.369203747256899817e+01
2.253400105107731477e+01 6.026033183091670509e+01 7.122835004450551821e+01 2.722189596490898111e+01
3.106691459131824473e+01 5.539399583855395548e+01 7.240360042725923506e+01 8.384011576604885363e+01
2.655194377037233266e+01 5.219858199295166656e+01 6.183467431402901582e+01 8.612014283664095160e+01
2.700369849573968750e+01 6.231187787941666301e+01 7.694952889886775438e+01 3.806249301497263104e+01
2.996220430474294361e+01 3.602577553975768865e+01 7.861433393432750449e+01 5.134119739239384472e+01
3.766014079320342489e+01 7.707627184153699318e+01 8.937297951482347003e+01 7.561902834589899669e+01
4.100255108344264876e+00 7.661416769631146906e+01 2.036322494963370744e+01 1.223915408870205290e+01
7.159417093551120104e+00 6.421861055152056963e+01 2.365011920403880907e+01 3.150207016585723352e+01
5.907556360400511686e+00 2.651679458397707734e+01 1.538268111812749517e+01 8.916389649213326152e+01
1.127712555117232895e+01 9.004376052666846419e+01 4.625959932279284459e+01 1.421023948080760668e+01
9.791920196134935139e+00 6.009305495332662161e+01 2.703159520728920384e+01 5.418129170335602396e+01
3.695636303707489745e+00 5.443414249831781859e+01 2.207590350704312598e+01 8.390008266678460558e+00
3.504577394542879176e+01 9.576609175821332087e+01 7.979989902488482301e+01 9.156233475603571037e+01
3.300914224760722249e+01 2.713767173044578929e+00 7.936442251146605997e+01 7.261615290829061564e+01
8.070887793405688626e+00 2.921793341959051560e+01 5.300676168299239777e+01 5.535987392399754903e+00
1.995871466252522097e+01 2.692913895571312821e+01 5.209224594274230213e+01 5.588995818743985922e+01
1.688002978109891927e+01 5.257288515182526822e+01 3.999321822150485417e+01 8.742361483598757843e+01
1.579034201855578701e+01 1.983498837423822891e+01 4.860240303279045548e+01 3.164664278379536455e+01
1.589592977833224197e+01 7.941428740692346366e+01 4.778856311975793147e+01 3.431420057128704570e+01
9.286779224712898184e+00 1.332332586007212161e+00 3.483515666674743727e+01 1.916312364019294634e+01
3.314392978274401713e+01 7.367764505983284096e+01 9.655609313230274893e+01 3.433535466752510956e+01
3.229713140330881060e+01 4.489634937149698857e+01 9.054807733094499156e+01 3.953899943600143985e+01
2.239415740658053711e+00 8.026905767972517936e+01 7.267945613170878616e+00 8.623939629873142110e+01
3.433256548843132094e+01 1.029705978556909685e+01 7.760706149823531064e+01 9.489313477487067416e+01
2.827160343794717434e+01 3.986097276043797422e+01 6.837781788109475656e+01 7.230277212915623863e+01
1.951587790358177799e+01 1.914719682666257228e+01 6.044630515079122546e+01 2.978683432217185256e+01
7.650349761584545050e+00 4.313027071436978588e+01 3.402091548635704044e+01 1.271339769661574692e+01
1.368612910527320281e+01 3.401786422876138261e+01 3.197022273166308892e+01 9.885854163756955870e+01
6.170987982442373010e+00 8.403445165681903006e+01 1.768980803592141626e+01 5.761251698417589751e+01
3.172408752962607537e+01 7.072772365103290326e+01 7.619529669752542134e+01 7.331496595962359208e+01
4.261646765268826442e+01 5.282404877899882223e+00 9.990780562718954627e+01 7.870224404125984563e+01
3.469930507623257832e-01 3.238964987081671687e+00 4.110427952048267386e+00 2.645181912109472222e+01
2.402572645237394866e+01 3.796401134642113373e+00 8.457907272703245383e+01 1.927590014016775655e+01
1.084422956514080383e+01 4.402345071027114898e+01 2.639455402934954975e+01 8.888792257146462816e+01
2.409185279614493425e+01 1.450836205428761616e+01 5.916982153174819103e+01 6.945301011101379629e+01
1.914133173136973287e+00 3.120833189122047457e+01 7.284622214248681615e+00 5.461946149129682482e+01
1.920740045403033847e+01 3.824930898721454753e+01 4.964467623216306436e+01 5.858076105899906594e+01
1.677747830345048996e+01 4.979404539700359322e+01 4.425272131623355421e+01 5.554881395045353543e+01
4.000918151480509977e+01 7.977634297385341711e+01 9.909896046200660180e+01 6.269019242984902007e+01
3.087482946742242973e+01 1.231248647251598172e+01 7.458654956424055626e+01 7.177497415111601242e+01
2.922474030939693890e+01 5.322820573543403100e+01 7.179527229015356227e+01 6.734650841810785948e+01
3.178907070009310942e+00 4.208785272196799099e+01 1.716331472941734404e+01 1.141342405708655150e+01
2.969020669515717614e+01 6.847185723797859680e+01 7.438811251503670974e+01 6.191032553523728410e+01
1.538478972199509354e+00 9.267412340977085705e+01 5.545016643776945031e+00 9.731093295689943545e+01
3.445844705398101837e+01 8.867478654251006276e+01 9.088975051655953052e+01 4.946469321301720612e+01
1.327457835234021921e+01 4.475712166354323074e+01 3.342508031539875901e+01 7.156592218427533680e+01
1.033976006298743755e+00 7.639875081680401081e+01 1.539777799723677276e+01 3.746995187748258793e+00
5.673447868445339992e+00 1.502665098825955958e+01 1.546070248040758344e+01 7.491796340128229303e+01
6.112237414259377388e+00 5.000746300694389390e+01 4.929886312478598853e+01 4.232013034716286981e+00
8.107202350687702008e+00 9.162241678125766953e+01 3.368150641568455939e+01 1.493814134110687064e+01
2.620993302795117685e+01 9.830057226841148577e+01 6.821397586373983302e+01 5.399593816320867035e+01
3.760755281946330797e+00 4.380914613308650729e+01 1.345498530519348890e+01 3.440780829299888666e+01
3.671607221659633780e+01 3.621218904649406056e+01 8.830325991696514620e+01 7.160738205942449497e+01
3.471184713504355557e+01 2.643385584460666848e+01 9.035980341341765154e+01 5.204886121125540654e+01
9.165640995360057275e+00 8.755211044295286626e+01 3.006014872680813355e+01 2.942270631046808305e+01
1.362175617454887444e+01 7.035077581751161802e+01 3.462071110597862145e+01 6.826608004033465704e+01
1.386219295598492174e+01 9.152296554526667194e+01 4.806602658307449616e+01 2.202188949986398825e+01
1.922067592240975387e+01 2.969561499377639890e+01 6.404845339944475313e+01 2.350211528130261485e+01
3.393630464225238796e+01 2.395359095360396395e+01 8.531520396034525788e+01 6.003742939383423760e+01
7.953774873309027882e+00 9.003276163216659711e+01 2.315343736690970289e+01 4.780580733040661556e+01
1.117430300538569377e+01 3.717128962067128839e+01 3.926680508365522826e+01 2.220696093907094237e+01
1.238337670036371208e+01 9.461855725284962659e+01 2.928028182828026260e+01 9.661957696162157561e+01
2.733326947167592991e+01 3.374071707405836662e+01 6.262887504591019194e+01 9.220318138312208589e+01
3.394765784966448052e+01 9.074802625956662894e+01 9.197615714961210642e+01 4.468523718856665283e+01
2.082194320472679383e+00 7.623512273520538507e+00 6.877654498410901596e+00 8.836371365182471038e+01
1.102309713980378802e+01 1.624329411067101248e+01 6.486685364257816389e+01 6.382143291333120416e+00
-1.263218355965047834e+00 6.704618950689082624e+01 9.103953154714081109e+01 9.715014340048400143e-01
1.863916318339211742e+01 6.552116527693210912e+01 5.739331903158921477e+01 3.062618252563590460e+01
2.812392974358250086e+00 7.853971699003895424e+01 9.868665552011746556e+00 4.761411105488427609e+01
1.566372698639210981e+01 8.398281435588418731e+01 3.723260238514004783e+01 8.784501529143898324e+01
1.198531262357074212e+01 3.355444897148913697e+01 3.581367329725505755e+01 3.755466014882030379e+01
1.087188991834947593e+01 6.341603756258129110e+00 2.583946777862683319e+01 9.893660335966690411e+01
3.463326550527366976e+01 5.249798652529902299e+00 8.494124924755180928e+01 6.635694575579799448e+01
4.266425708765028446e+01 7.173752306368123755e+01 9.775337836649832468e+01 8.707565110705965594e+01
1.697578147843308116e+01 9.851729225939207879e+01 5.325909709173474482e+01 2.922887258529402033e+01
1.470288472102102872e+01 9.553817193341974701e+01 5.206330347362946043e+01 2.041181262041815714e+01
2.479348531433114644e+01 4.783705830428183958e+01 7.297831507697046050e+01 3.427458305213285428e+01
1.230512779221592723e+01 3.741417282437365088e+01 2.977925828525345153e+01 8.717501737699437570e+01
5.107500466783725379e-01 4.992780317232332266e+01 4.508221720557381573e+00 2.841234823190955794e+01
3.796345713434077140e+01 4.425648180608572346e+01 8.705478073482443335e+01 8.785959954034936459e+01
3.022261325412897826e+00 7.594933717767689529e+01 9.102909466263875871e+00 8.298456705176626258e+01
3.694906110894523010e+01 4.329029543466713648e+01 9.140883172550951485e+01 6.353398097783693288e+01
-1.548231224077869506e+01 8.233153206111887812e+01 5.665124677947989085e+01 7.758371003948605349e-02
2.597130151157992728e+01 7.601609219279005458e+01 6.000446960914599259e+01 8.955760765435523751e+01
3.771838258503193941e+01 9.427659185611500448e+01 9.770132624740438132e+01 5.261141771182935400e+01
2.194719375423948549e+01 4.857883202832920233e+01 5.344746502396161247e+01 7.321578658820489238e+01
3.748875593392322969e+01 7.112981343409278168e+01 8.484797978812518693e+01 9.333561944233505869e+01
6.764969662742882406e+01 7.470175669242513550e+01 4.175523257447411041e-01 8.256018040121489321e+01
1.597568873099900344e+01 6.795355519904231301e+01 4.055674138153190000e+01 6.573712770441329667e+01
1.569161614779572744e+01 4.481883099562337236e+01 4.116967534688006225e+01 5.764752332573453941e+01
1.113476634746475291e+01 1.058240250619998335e+01 2.678434539907078715e+01 9.280906364822651256e+01
1.353454346188570234e+01 6.901261204633252078e+01 3.747569162901097428e+01 4.834642699869255011e+01
1.519325668713690902e+00 3.170234887524170375e+01 2.506910726963940128e+00 9.835332417885746281e+01
3.637044010045264031e+01 7.609811003728928824e+01 8.979220211609106173e+01 6.419211242345458857e+01
1.790294931291032654e+01 8.508135387555059026e+01 9.490414060908859994e+01 7.328669245400599053e+00
7.920927317145865842e+00 2.999803567997683018e+01 2.257831139627012362e+01 5.199277359857021708e+01
1.948960208684917816e+01 9.706662284107226313e+00 5.822246185137846908e+01 3.375714103369701036e+01
1.791775518732367090e+01 3.698981038674936883e+01 4.135271661621406736e+01 9.700193561828932332e+01
1.037894032084045737e+00 9.782010798485462288e+00 6.072826726092673155e+00 2.866733755518614402e+01
4.329524828475825871e+01 2.496541846939951270e+01 9.990130336543687406e+01 8.425946772553895414e+01
1.780435298118869270e+01 9.499153750577950461e+01 4.497404386672685206e+01 6.544151287692460528e+01
3.575721457251149360e+01 6.676592749285920547e+01 8.933956739299723893e+01 6.121097211439122532e+01
4.039238841270395852e+01 6.223064216905521562e+01 9.608276250973504773e+01 7.429124893149341347e+01
1.793352021477099001e+01 6.659699019771585426e+01 4.122451625562955257e+01 9.876878946074393184e+01
5.911879962569142499e+00 3.935683974321420919e+01 2.490420214659863163e+01 1.604483562396347196e+01
1.958448308072195942e+00 4.008081656868986187e+01 3.799878831588486605e+01 2.178341601538202887e+00
2.753955389619959337e+00 7.715855845299209648e+01 8.699824412839895160e+00 7.481200293814676172e+01
1.332960645915873599e+01 7.040248183945530513e+01 3.450996922612377205e+01 6.358065481755397030e+01
4.036425793989275235e+01 9.106477731891932592e+01 8.992226619531956544e+01 9.948448701416373297e+01
2.802328741228572895e+00 3.017088128582032880e+01 1.032448406979754552e+01 3.975862807044904201e+01
1.813831176807811030e+00 5.654890584596004999e+01 6.751739662623035265e+00 6.455804054737471631e+01
3.173613921906488855e+01 1.205253123014542460e+01 7.811537028315474629e+01 6.607182266370689661e+01
1.141293181688597791e+01 2.546056225921333649e+01 2.766876440100222112e+01 8.878890561570896978e+01
1.440487070726178942e+01 5.239108903639620962e+01 3.606882890822612353e+01 7.159068972044680379e+01
2.837058053054821016e+01 9.855837795657452105e+00 7.124633284164197278e+01 6.170709501396024166e+01
1.935755536736429150e+01 4.831089609186987133e+01 4.841369184031317729e+01 6.701503217209614149e+01
1.373591438597581416e+01 5.394190039310517193e+01 4.073375764645283681e+01 3.724870722009990942e+01
1.249454905436565966e+01 7.332915322020360804e+01 3.099054267340222069e+01 7.782080108623216574e+01
3.107455937991408490e+01 2.505593471989062593e+01 8.197590709718799928e+01 5.003292254325187827e+01
1.393297837381635151e+00 6.907692955063362206e+01 6.099296182710290282e+00 5.059692834993268207e+01
9.171819129815010907e-01 9.324433351405724579e+01 4.183607251914544634e+00 9.438029960822447606e+01
4.991721889010563018e-01 4.844434171442923542e+00 7.903518474367887237e+00 6.664810402097486985e+00
1.797846510357256378e+01 4.627097007553516050e+00 4.148011211742669246e+01 9.705877593515060653e+01
8.245095552817760520e+00 6.836157011393753180e+01 2.240378257846503729e+01 6.196551157313081859e+01
2.770081548884822276e+00 6.285804994266310786e+01 8.557057191303861998e+00 8.192592889182989779e+01
1.962453158559848276e+01 1.166868099811544468e+01 6.470922404774385939e+01 2.422204101711394841e+01
1.186784173609976101e+01 5.008995813189515189e+01 3.435809312808640925e+01 4.231806966143747673e+01
1.569057707172691352e+01 3.615036042690216078e+01 4.565896683232375608e+01 3.868636612820167642e+01
2.997113027389982776e+01 6.853341801238862274e+01 7.543534533431581224e+01 6.068231766321044063e+01
2.068566673982287085e+01 3.127817660282259382e+01 4.729814231761228882e+01 9.799217465421966722e+01
3.780616255080340693e+01 8.818822436743006676e+01 9.169800850571220963e+01 6.885154052205399466e+01
5.025025150123935802e+00 6.653613579952693158e+01 1.648252426317484520e+01 3.868306704527053341e+01
4.096201081536146660e+01 1.011135085048221427e+01 9.183830945738743878e+01 9.645903250846002663e+01
2.430405315604791738e+01 2.314799613423230795e+01 6.527438284377669220e+01 4.825826943866701413e+01
4.999680593810943208e+00 9.684683398063874904e+00 1.526403134393376959e+01 5.093754549602424930e+01
